20161190010190011400201       1       11105110039305105110039305   12001835200052513900            天津滨达电力工程有限公司                                                                                                1       3160                                  @20250930120668                                                     0012840                                                                                                                    1443825                                                  
20161190010190011400201       2       11302110023122302110023122   7231210182600001303             天津泰达酒店有限公司                                                                                                    1       4369040                               050197                                                              0020548                                                                                                                    1443826                                                  
20161190010190011400201       3       11309110018023309110018023   441110100100086793              天津集大成海洋石油工程发展有限公司                                                                                      1       272310                                110131                                                              0022293                                                                                                                    1443827                                                  
20161190010190011400201       4       11103110011001103110011001   02110001040024890               天津鼎拓万维机械租赁有限公司                                                                                            1       58460                                 111998                                                              0012373                                                                                                                    1443828                                                  
20161190010190011400201       5       11103110011052103110011052   02110501040007944               中建科（天津）有限公司                                                                                                  1       148520                                112013                                                              0010073                                                                                                                    1443829                                                  
20161190010190011400201       6       11105110035086105110035086   12001835100050001783            天津育新塑料包装有限公司                                                                                                1       2688045                               120668                                                              0010312                                                                                                                    1443830                                                  
20161190010190011400201       7       11105110035002105110035002   12001835100050001328            天津海滨大道建设发展有限公司                                                                                            1       112970                                120668                                                              0011061                                                                                                                    1443831                                                  
20161190010190011400201       8       11105110035086105110035086   12001835100052501735            天津元泰汽车销售服务有限公司                                                                                            1       530090                                120668                                                              0011813                                                                                                                    1443832                                                  
20161190010190011400201       9       11103110012004103110012004   02120001040000591               天津美和工业发展有限公司                                                                                                1       240160                                122163                                                              0010229                                                                                                                    1443833                                                  
20161190010190011400201       10      11308110023044308110023044   222681149510001                 天津世阳汽车零部件有限责任公司                                                                                          1       423440                                1225260022                                                          0010384                                                                                                                    1443834                                                  
20161190010190011400201       11      11308110023124308110023124   121903056810803                 PPG涂料(天津)有限公司                                                                                                   1       15364710                              1225650236                                                          0010424                                                                                                                    1443835                                                  
20161190010190011400201       12      11103110025049103110025049   02250401040006709               天津金耘特殊金属有限公司                                                                                                1       11850                                 262710                                                              0011662                                                                                                                    1443836                                                  
20161190010190011400201       13      11301110000053301110000053   120066041010210025394           天津泰达安装工程有限公司                                                                                                1       70310                                 DQJJQY12012020250924000551                                          0010403                                                                                                                    1443837                                                  
20161190010190011400201       14      11104110050005104110050005   856005931908091001              天津爱尼机电有限公司                                                                                                    1       97960                                 IA1370                                                              0010333                                                                                                                    1443838                                                  
20161190010190011400201       15      11104110050005104110050005   856008763008091001              天津藤冈精密模具有限公司                                                                                                1       170640                                IA1431                                                              0011360                                                                                                                    1443839                                                  
20161190010190011400201       16      11104110050005104110050005   856005923908091001              天津康乐产业有限公司                                                                                                    1       68730                                 IA2054                                                              0020237                                                                                                                    1443840                                                  
20161190010190011400201       17      11104110050005104110050005   856005923908091001              天津康乐产业有限公司                                                                                                    1       48190                                 IA2054                                                              0020239                                                                                                                    1443841                                                  
20161190010190011400201       18      11104110050005104110050005   856013952908091001              天津兴龙粮油食品有限公司                                                                                                1       89270                                 IA3441                                                              0021477                                                                                                                    1443842                                                  
20161190010190011400201       19      11104110050005104110050005   270060419986                    天津凌科电子有限公司                                                                                                    1       21330                                 IA3700                                                              0011693                                                                                                                    1443843                                                  
20161190010190011400201       20      11104110050005104110050005   271360054925                    博迈科海洋工程股份有限公司                                                                                              1       464520                                IA3971                                                              0011365                                                                                                                    1443844                                                  
20161190010190011400201       21      11104110050005104110050005   272660054610                    天津丰田物流有限公司                                                                                                    1       502440                                IA5042                                                              0011014                                                                                                                    1443845                                                  
20161190010190011400201       22      11104110050005104110050005   271360054890                    仪维普（天津）电子元件有限公司                                                                                          1       20540                                 IA5044                                                              0011311                                                                                                                    1443846                                                  
20161190010190011400201       23      11104110050005104110050005   275260054985                    佳兴精密注塑（天津）有限公司                                                                                            1       431340                                IA5045                                                              0011444                                                                                                                    1443847                                                  
20161190010190011400201       24      11104110050005104110050005   275260054588                    浦项（天津）钢材加工有限公司                                                                                            1       11060                                 IA5046                                                              0011462                                                                                                                    1443848                                                  
20161190010190011400201       25      11104110050005104110050005   279160062163                    邦迪汽车系统（长春）有限公司天津分公司                                                                                  1       76630                                 IA5052                                                              0011114                                                                                                                    1443849                                                  
20161190010190011400201       26      11104110050005104110050005   279160062163                    邦迪汽车系统（长春）有限公司天津分公司                                                                                  1       187230                                IA5052                                                              0012386                                                                                                                    1443850                                                  
20161190010190011400201       27      11104110050005104110050005   270060055336                    一汽丰田汽车有限公司                                                                                                    1       29173120                              IA5053                                                              0011204                                                                                                                    1443851                                                  
20161190010190011400201       28      11104110050005104110050005   270060054682                    葛兰素史克（天津）有限公司                                                                                              1       408430                                IA5055                                                              0010433                                                                                                                    1443852                                                  
20161190010190011400201       29      11104110050048104110050048   276560057172                    天津英泰汽车饰件有限公司                                                                                                1       2100610                               ID6169                                                              0011202                                                                                                                    1443853                                                  
10161190012010011400201       1       21102110000646102110000646   0302016109105934565             天津泰达津联自来水有限公司                                                                                              29      58165105                                                                                                                                                                                                                                                                                      