20161010012010011400201       1       12102110000646102110000646   0302016109101657664             天津雅马哈电子乐器有限公司                                                                                              1       5525260                               161041                                                                 0277                                                                                                                    1443813                                                  
20161010012010011400201       2       12102110000646102110000646   0302016109104443022             天津睦宁汽车销售服务有限公司                                                                                            1       113760                                161541                                                                 0883                                                                                                                    1443814                                                  
20161010012010011400201       3       12102110000646102110000646   0302016109104443022             天津睦宁汽车销售服务有限公司                                                                                            1       90060                                 161541                                                                 1776                                                                                                                    1443815                                                  
20161010012010011400201       4       12102110000646102110000646   0302016109300117868             汉庭星空（上海）酒店管理有限公司天津洞庭路分公司                                                                        1       1437010                               161585                                                                 0638                                                                                                                    1443816                                                  
20161010012010011400201       5       12102110000662102110000662   0302090109110249696             天津长芦海晶集团有限公司                                                                                                1       19321820                              202505                                                                 1188                                                                                                                    1443817                                                  
20161010012010011400201       6       12102110000025102110000025   0302090209006727667             天津大佑钢管有限公司                                                                                                    1       34760                                 902250                                                                 0313                                                                                                                    1443818                                                  
20161010012010011400201       7       12102110000025102110000025   0302090209007561969             天津顶园食品有限公司                                                                                                    1       4112805                               902340                                                                 0067                                                                                                                    1443819                                                  
20161010012010011400201       8       12102110000025102110000025   0302090209181978491             天津加藤精密电子有限公司                                                                                                1       89270                                 902964                                                                 0438                                                                                                                    1443820                                                  
20161010012010011400201       9       12102110000025102110000025   0302090209007579889             天津泰达阿尔卑斯物流有限公司                                                                                            1       80580                                 902K69                                                                 0228                                                                                                                    1443821                                                  
20161010012010011400201       10      12102110000025102110000025   0302090209179718526             飞比达电子元器件（天津）有限公司                                                                                        1       110600                                902K73                                                                 1777                                                                                                                    1443822                                                  
20161010012010011400201       11      12102110000025102110000025   0302090209300526960             天津健博生物科技有限公司                                                                                                1       8690                                  902L76                                                                 1785                                                                                                                    1443823                                                  
20161010012010011400201       12      12102110001052102110001052   0302093509300179662             天津华住酒店有限公司                                                                                                    1       688090                                935220                                                                 1088                                                                                                                    1443824                                                  
10161010012010011400201       1       22102110000646102110000646   0302016109105934565             天津泰达津联自来水有限公司                                                                                              12      31612705                                                                                                                                                                                                                                                                                      